"dumas_-_Acté" "dumas_-_Bric-à-brac" "dumas_-_Création_et_rédemption,_première_partie_Le_docteur_mystérieux" "dumas_-_Gabriel_Lambert" "dumas_-_Georges" "dumas_-_Henri_III_et_sa_Cour" "dumas_-_Histoire_d'un_casse-noisette" "dumas_-_La_dame_de_Monsoreau_—__Tome_1." "dumas_-_La_dame_de_Monsoreau_—_Tome_2." "dumas_-_La_dame_de_Monsoreau_—_Tome_3." "dumas_-_La_femme_au_collier_de_velours" "dumas_-_La_reine_Margot_-_Tome_I" "dumas_-_La_reine_Margot_-_Tome_II" "dumas_-_La_San-Felice,_Tome_01" "dumas_-_La_San-Felice,_Tome_02" "dumas_-_La_San-Felice,_Tome_03" "dumas_-_la_San-Felice,_Tome_04" "dumas_-_La_San-Felice,_Tome_05" "dumas_-_La_San-Felice,_Tome_06" "dumas_-_La_tulipe_noire" "dumas_-_Le_Capitaine_Aréna_—_Tome_1" "dumas_-_Le_Capitaine_Aréna_—_Tome_2" "dumas_-_Le_capitaine_Pamphile" "dumas_-_Le_capitaine_Paul" "dumas_-_Le_chevalier_d'Harmental" "dumas_-_Le_chevalier_de_Maison-Rouge" "dumas_-_Le_Collier_de_la_Reine,_Tome_I" "dumas_-_Le_Collier_de_la_Reine,_Tome_II" "dumas_-_Le_comte_de_Monte-Cristo,_Tome_III" "dumas_-_Le_comte_de_Monte-Cristo,_Tome_Il" "dumas_-_Le_comte_de_Monte-Cristo,_Tome_IV" "dumas_-_Le_comte_de_Moret" "dumas_-_Le_corricolo" "dumas_-_Le_vicomte_de_Bragelonne,_Tome_I." "dumas_-_Le_vicomte_de_Bragelonne,_Tome_II." "dumas_-_Le_vicomte_de_Bragelonne,_Tome_III." "dumas_-_Le_vicomte_de_Bragelonne,_Tome_IV." "dumas_-_Les_compagnons_de_Jéhu" "dumas_-_Les_Femmes_qui_tuent_et_les_Femmes_qui_votent" "dumas_-_Les_mille_et_un_fantômes" "dumas_-_Les_quarante-cinq_—_Tome_1" "dumas_-_Les_quarante-cinq_—_Tome_2" "dumas_-_Les_quarante-cinq_—_Tome_3" "dumas_-_Les_trois_mousquetaires" "dumas_-_Mémoires_de_Garibaldi,_tome_1" "dumas_-_Mémoires_de_Garibaldi,_tome_2" "dumas_-_Pauline_et_Pascal_Bruno" "dumas_-_The_Count_of_Monte_Cristo" "dumas_-_Vingt_ans_après" "dumas2hugo_para_5" "hugo_-_Actes_et_Paroles,_Volume_1" "hugo_-_Actes_et_Paroles,_Volume_2_Pendant_l'exil" "hugo_-_Actes_et_Paroles,_Volume_3" "hugo_-_Bug-Jargal" "hugo_-_Claude_Gueux" "hugo_-_Han_d'Islande" "hugo_-_Hernani" "hugo_-_L'homme_Qui_Rit" "hugo_-_La_Esmeralda" "hugo_-_Le_Dernier_Jour_d'un_Condamné" "hugo_-_Le_Rhin,_Tome_I" "hugo_-_Le_Rhin,_Tome_II" "hugo_-_Le_Rhin,_Tome_III" "hugo_-_Le_Rhin,_Tome_IV" "hugo_-_Le_Roi_s'amuse" "hugo_-_Les_misérables_Tome_I_Fantine" "hugo_-_Les_misérables_Tome_II__Cosette" "hugo_-_Les_misérables_Tome_III_Marius" "hugo_-_Les_misérables_Tome_IV_L'idylle_rue_Plumet_et_l'épopée_rue_Saint-Denis" "hugo_-_Les_misérables_Tome_V_Jean_Valjean" "hugo_-_Les_Travailleurs_de_la_mer" "hugo_-_Littérature_et_Philosophie_mêlées" "hugo_-_Napoléon_Le_Petit" "hugo_-_Notre-Dame_de_Paris" "hugo_-_Notre-Dame_de_Paris_-_Tome_2" "hugo_-_Post-scriptum_de_ma_vie" "hugo_-_Quatrevingt_Treize" "hugo_-_Ruy_Blas_Drame" "hugo_-_Victor_Hugo_à_vingt_ans_Glanes_romantiques"
"dumas_-_Acté" 0 1.02433270257104 0.76629653156859 0.9047092745784 0.667822613092801 1.81850587058462 0.754652571349664 1.23899928392978 1.29972392751454 1.30317646887816 0.787467801161838 1.17201776264993 1.21673884948427 0.6432590092844 0.928961602429818 0.854791601538596 1.04649369369037 0.809044308833134 0.875601300013187 0.953060222080692 0.855654173222025 0.863983821514332 0.627966871254563 0.853106572264119 0.982165791510081 1.1161287426095 1.2243528907989 1.29174501940004 1.38853132113087 1.21433326603359 1.13413880997484 1.09310184049696 0.716009422416558 1.35797352148177 1.43381554855062 1.43271360901228 1.37831416040938 0.97472333480026 1.46778401614695 1.13935571155879 1.36482624160787 1.33291038978455 1.06189174242674 1.13840655476707 0.899899170732554 0.910681426721836 0.844637091727833 1.02091901802911 1.23998525234164 2.90462483600204 1.73443221860478 1.50611923691587 1.54283452760233 1.04268270329969 1.24101726418481 0.958355185351058 1.77477180636099 1.07895785672943 1.61855008660738 1.36047517135143 1.07178741456306 0.870080741603731 1.12009095308982 1.18606234167948 1.74871871674477 1.04446737358248 0.990576445602468 0.93884278584976 0.934059774689412 1.15999606467416 1.18668201515276 1.08546940109924 1.27842751138192 0.750910200852083 0.84667612601383 1.45167892391537 1.03225859913983 1.42503318706222 2.22957875913703
"dumas_-_Bric-à-brac" 1.02433270257104 0 0.624824321281795 0.656042513225947 0.680584924930147 1.13106306821539 0.827079099079204 0.663020239209111 0.691228129817716 0.741775231797873 0.77237140015336 0.72378845363762 0.682896160441483 0.721297858613931 0.528157154673515 0.624276530070297 0.5789229492834 0.710364101319575 0.564092273884656 0.667085255088047 0.642313150769247 0.734723046717313 0.918217074856438 0.717907148391474 0.718156647630542 0.674432031880001 0.692265885266931 0.836591387736344 0.724568815761819 0.52775687916308 0.68809564631967 0.578923505021661 0.519755409717247 0.709976966621533 0.802578693122938 0.831501063525064 0.761922672761751 0.474446023044098 1.22030987014345 0.625078782366482 0.744573268346045 0.765965486201516 0.659524179411373 0.737069514100638 0.633831137369408 0.785344743313672 0.623755207124632 0.64727117345256 0.708717069972695 2.85664297121335 1.14410095342871 1.07737225021141 1.03827596657805 0.699582005979708 0.919194141685097 0.712755155842956 1.3386539917902 0.786204374456951 1.28593100385338 0.956659059771427 0.918719864120258 0.911937851780716 0.935136889838662 0.996254435928899 1.1403770970869 0.831815198743633 0.805178418945637 0.742889776932636 0.764027952010495 0.722476989476812 1.02096417380926 0.843038893761215 1.00429882432529 0.658031841433258 0.697441045002752 1.08596540989689 0.848354718259417 0.936833523381928 2.20124235138839
"dumas_-_Création_et_rédemption,_première_partie_Le_docteur_mystérieux" 0.76629653156859 0.624824321281795 0 0.801651707533878 0.504932747890089 1.48417651523736 0.635597364472103 0.836478571623621 0.912740943064011 0.882926120029339 0.680322487408675 0.804829239123933 0.808755150592885 0.473725567618729 0.474465710255706 0.466933530786836 0.540836410849867 0.474591737820641 0.451687680624547 0.627590536053588 0.606906657857784 0.640605271162621 0.693848630686687 0.772415917304552 0.643898597526403 0.732997952626465 0.840228386317238 0.919234540237765 0.965968656260117 0.777405630976085 0.820978043256144 0.581947355296479 0.472093693849358 0.935601045706639 1.00880008783715 1.0220742802534 0.93422891235582 0.501105584368196 1.12273259044578 0.779700578648123 0.9541714071393 0.918777245340672 0.756742734393935 0.803006212440621 0.665241352780183 0.738821369006355 0.666687665553998 0.689155892062661 0.795572573719547 2.85174178275528 1.28102090132795 1.09150231788084 1.08070726307763 0.821675043525149 0.884443780905203 0.824186733203533 1.53031117596375 0.727166236347185 1.41147654361431 1.10576538631283 0.967394223185046 0.856460422636171 1.00278426941736 0.937204849127104 1.42555932910263 0.712815257275253 0.683896454913096 0.587400934023882 0.629892772226724 0.721063150228148 0.939592574327 0.77869893749396 0.882909700343171 0.575864415072783 0.679573667460036 1.04421241005724 0.691983720704549 1.15330787347065 2.20326434228236
"dumas_-_Gabriel_Lambert" 0.9047092745784 0.656042513225947 0.801651707533878 0 0.746750739895265 1.29760475680183 0.781963828966201 0.720405770710015 0.834821001714044 0.861052687135877 0.71760287104626 0.770094801673428 0.789108973224231 0.846888163187308 0.774549722782975 0.807478856957472 0.812200185460471 0.91016675074315 0.782771119829144 0.759206887895096 0.795587537455016 0.869280725566128 1.00056071212324 0.690433732428295 0.769496513542635 0.752368739331194 0.802807402792132 0.885449151827289 0.855671047023483 0.769450899290405 0.741184646521897 0.79997874984141 0.665497690880168 0.82655213121503 0.876978319605246 0.932236337525489 0.844234519125914 0.805196257322235 1.31286869737727 0.742468415909374 0.842625745596596 0.846108695270985 0.695664854543235 0.741131486997655 0.841685601784464 1.00969787375314 0.632365245373948 0.727752223938116 0.843925671023503 2.93905609469137 1.43971223241028 1.37304559010038 1.35703246571367 0.700078777095303 1.09001106697837 0.731493099667615 1.431772679048 0.960387441784852 1.32364386968866 0.997789736376903 1.05147213205446 0.901331975479294 1.12011860114257 1.22347315893653 1.16315545809142 0.886999982086901 0.978933080273911 0.855985598918043 0.873105016379358 0.938958252030059 1.17944461523239 0.951000135376343 1.2473592978859 0.660426320611346 0.651487235776671 1.32054919267642 1.02390447559826 0.994434890950462 2.31686813181015
"dumas_-_Georges" 0.667822613092801 0.680584924930147 0.504932747890089 0.746750739895265 0 1.54013174495991 0.589069160707353 0.870718232204711 0.945805744641823 0.903595450467838 0.571251551486243 0.817752644994797 0.852632100742599 0.578784973624721 0.555536982431879 0.613052296689732 0.692591226589513 0.618590038838255 0.590466465455459 0.623412732928451 0.51335718495929 0.595205604756414 0.636801598819371 0.672775029012429 0.633487656961581 0.780190359608185 0.870262846672742 1.00614590037787 0.974010263277707 0.775529774316997 0.80148817069867 0.711287946451779 0.420941768779349 0.964727557254035 1.05098038300279 1.0738352874082 0.991511608447691 0.574085056436631 1.25337502980265 0.809951873711428 0.978471629718496 0.93684724852264 0.71550061859215 0.755910850755065 0.673434575989573 0.821971714926249 0.630978040548782 0.606376772123485 0.840384203994414 2.92384733563366 1.4483127586307 1.27721984452818 1.25095699884674 0.876266999877284 0.914332814887948 0.819934936812198 1.63514452900109 0.93110228281544 1.52195875555727 1.17078155327314 1.07565792931878 0.957181898876843 1.14491267554789 1.13001125555306 1.48696801368889 0.842293912681707 0.872192297699655 0.729601230351912 0.772933703669512 0.829957400495871 1.0580727503161 0.855663526971288 1.06683814808179 0.661626818141149 0.744978060437043 1.18463510793248 0.859302271188898 1.18313625567622 2.33089655475133
"dumas_-_Henri_III_et_sa_Cour" 1.81850587058462 1.13106306821539 1.48417651523736 1.29760475680183 1.54013174495991 0 1.48785322147773 0.944046956696419 0.979668456900978 1.030379724799 1.54675138045938 1.00699877267202 0.987834911349102 1.6182583649571 1.27542389483121 1.42460727150285 1.24577380530709 1.59772486480435 1.40426600645364 1.2313875030782 1.50261375092121 1.63239093577675 1.78078711249255 1.21643031751061 1.237152261472 1.10431709537994 1.03989069748595 1.1291325495068 0.932161396710238 1.04160545240334 1.10139287588169 1.19400617763939 1.39237156507624 0.999807325075761 0.962248484836779 0.918551705069748 1.0466753753466 1.26131162490215 1.60247026027574 1.17884875980201 0.930580536975546 1.02020608521359 1.16089331455163 1.09706173026772 1.49529879045955 1.60538844915009 1.23528672614344 1.21379913937195 1.05426169860709 3.22843682523848 1.4243715377869 1.52864282728552 1.47309744216187 1.17591584854606 1.58461989301298 1.20241783328527 1.31188233677046 1.44580695690479 1.31917800704685 1.30989071068144 1.63810650148137 1.609983857728 1.61864626563262 1.68344695939116 1.05837069628725 1.48649738106784 1.53614757277034 1.42873552555232 1.53833755297816 1.34994543131852 1.71452764706904 1.51790255113068 1.65197168122931 1.42608981521427 1.34277889768491 1.66142702166468 1.52536748020768 1.13240322263736 2.42259830231612
"dumas_-_Histoire_d'un_casse-noisette" 0.754652571349664 0.827079099079204 0.635597364472103 0.781963828966201 0.589069160707353 1.48785322147773 0 0.823305235533904 0.870588871013924 0.820196896755235 0.733015771696687 0.78143705447557 0.83122180459089 0.652625324979952 0.659808110304388 0.637699714897444 0.71132505798377 0.757549261426984 0.662778715348033 0.670273305142654 0.728448550486759 0.782116787042641 0.74583602882182 0.770043199269001 0.611867108658648 0.793623776854976 0.904464983663692 0.929991327622 0.990824831870632 0.847200112617025 0.837748498364088 0.738548359673344 0.629520260168362 0.916777995010921 0.953409953247576 0.981354666221758 0.94719458569186 0.750247075285506 1.23674186390923 0.959024641701972 0.955368771899671 0.864428489643017 0.729686783466261 0.747120870765107 0.877547192079969 0.977070269226151 0.760656175979509 0.709796838969629 0.789028797709461 2.89236072793423 1.53766914608729 1.42159415844911 1.38584954693912 0.946570305645069 1.05756508139136 0.86049933418255 1.58334637563902 1.02246691781049 1.52798083116342 1.2336034506361 1.25880497819481 0.960994634360322 1.30899384575956 1.20023019454911 1.44340895193466 0.887249215660482 0.95059169290622 0.773812461691513 0.827445991280096 0.931144225883339 1.19015306991567 0.981097693901607 1.20726192389346 0.651037053990614 0.714405350153656 1.30048628453282 1.04816597695563 1.25314021930603 2.16969192708034
"dumas_-_La_dame_de_Monsoreau_—__Tome_1." 1.23899928392978 0.663020239209111 0.836478571623621 0.720405770710015 0.870718232204711 0.944046956696419 0.823305235533904 0 0.369651261438121 0.41712399392212 0.822782724445714 0.34962748457167 0.369558835112532 0.991817072126128 0.609989421880727 0.733212917328171 0.573295362435842 0.94813768030904 0.732414754982085 0.502488016870865 0.878618628050799 0.994965644804725 1.17598011405518 0.594259444329236 0.568281900753687 0.422858131106796 0.498300393988557 0.643070060893399 0.416292561179116 0.425463037175619 0.39728807486925 0.562183229538564 0.757240309300301 0.436986068747979 0.454525934176303 0.471862726906328 0.501335373473691 0.576291863822796 1.33402321007721 0.581640065174559 0.394477296716029 0.358406063015484 0.448769131293414 0.422791367133457 0.910800817191123 1.0936804633361 0.63881472811483 0.475676664767472 0.424400139873294 3.10769370327075 1.32290421453677 1.31398049793307 1.30160692035116 0.815450728163766 1.09958452613736 0.720099381407934 1.40958456526122 1.03986071493376 1.26330193536626 1.03947820064414 1.28774509465927 1.11023229288335 1.34714269151708 1.3811264934793 0.999745904994806 0.942324266778896 1.02568104335402 0.868331711074773 0.99235210701624 0.890532347510536 1.32034193717088 1.12133265518571 1.24443374510462 0.847146902981251 0.769423568373358 1.31960345690386 1.12301795818718 0.873625112668485 2.43747427960141
"dumas_-_La_dame_de_Monsoreau_—_Tome_2." 1.29972392751454 0.691228129817716 0.912740943064011 0.834821001714044 0.945805744641823 0.979668456900978 0.870588871013924 0.369651261438121 0 0.316137691699961 0.904093133447264 0.427628506937787 0.416989587250935 1.08132696470712 0.641800715092572 0.783041170884991 0.597997170023934 1.0166220907646 0.783979079999434 0.562985879082506 0.930079736100727 1.07077842389397 1.1792657894166 0.695619440712818 0.627811011614958 0.483892036107178 0.534218920314276 0.63861648805919 0.396942363723667 0.446380139704035 0.46504178767198 0.557746690127814 0.847603509700695 0.361417789538786 0.430957430327709 0.469749926466542 0.431011791070583 0.616215547248255 1.38757429040921 0.752159812537165 0.326455925151548 0.400823281069932 0.486947037988609 0.449268115146444 1.05008040208672 1.19483927847762 0.757437453113716 0.534192276002448 0.372319319725183 3.14654830478794 1.33518377443421 1.38068270856819 1.36428890297789 0.880698954324767 1.04847733868473 0.729355817436511 1.40589115415534 1.07502739449112 1.3385610603133 1.13711860438504 1.34338524496892 1.17139749890488 1.39140352902842 1.37790776617119 1.05100488695267 0.982477779280592 1.07444630099001 0.915262534043794 1.0307021375258 0.90444740361932 1.3661276901796 1.15951981965243 1.27605884245008 0.899817415810051 0.87224417342702 1.35044258014731 1.18649885326265 0.951490231799024 2.4062591927776
"dumas_-_La_dame_de_Monsoreau_—_Tome_3." 1.30317646887816 0.741775231797873 0.882926120029339 0.861052687135877 0.903595450467838 1.030379724799 0.820196896755235 0.41712399392212 0.316137691699961 0 0.916483875439567 0.501179514817478 0.472263845209104 1.09832377645813 0.678284723538107 0.780256450499858 0.585791646318885 0.987099976786121 0.755002242166415 0.609871610728668 0.911458637247617 1.09476429830728 1.1434484917808 0.791825094875259 0.715696219109626 0.495431454118582 0.546719188608617 0.665508571935412 0.503772525179922 0.51986329715596 0.568591840750519 0.615377773791614 0.853129052638686 0.436978242208803 0.472036260196343 0.533356186330985 0.458879231884238 0.616468234585429 1.37859499736821 0.774775001599898 0.400645926130724 0.443346610694218 0.449985094145239 0.523411016269023 1.03363379895202 1.15595416257825 0.809921765490933 0.548661224637731 0.409082127504687 3.16871439719125 1.33766449179437 1.37005638582871 1.347531151823 0.914423400911311 1.11262003261299 0.759210444985413 1.40013544725578 1.09342063839131 1.34525383286801 1.1709696324193 1.38851728070751 1.14814673926861 1.42106404282138 1.37207987609688 1.08211258213111 0.9896440545982 1.09123800198937 0.895021958517074 0.992562882464618 0.916095186994654 1.34693759803855 1.17750914474082 1.26864381151347 0.92788108024062 0.873111877278129 1.34326438494979 1.16180049733412 1.00057938102592 2.42972337953163
"dumas_-_La_femme_au_collier_de_velours" 0.787467801161838 0.77237140015336 0.680322487408675 0.71760287104626 0.571251551486243 1.54675138045938 0.733015771696687 0.822782724445714 0.904093133447264 0.916483875439567 0 0.798186943365208 0.807313728375429 0.767137191776185 0.613028148323497 0.725840775212299 0.742655002889807 0.894783932491892 0.7595861767866 0.567811681100075 0.699893579518342 0.823759469950292 0.832167089382418 0.713747179269742 0.628773864029116 0.724800709874115 0.809591870933218 0.938742525382202 0.904826609843671 0.764557942078582 0.724624076051243 0.740360323713038 0.543818238507419 0.911587221654616 0.966958402940554 0.990659268071965 0.954977167012245 0.604187641174774 1.24508593557451 0.763177661769745 0.931586197115495 0.866502376840992 0.656650763321673 0.738151462727778 0.86387819399603 1.09292663474071 0.730390685534275 0.550460918750774 0.835934280080201 2.9297171482773 1.43580779488052 1.31488804302853 1.31760445284127 1.01073035644083 0.925029433380373 0.809738767613458 1.70674686165298 0.833970921012003 1.51866080046484 1.15661258091775 1.09598601212719 0.91758112732502 1.20780630844361 1.33326206625752 1.36242342065318 0.622515461248318 0.732373862224599 0.615981077769094 0.720781841094421 0.701578283002507 1.07425195330439 0.954206445003019 1.11428006382419 0.583474927517891 0.618575440734949 1.22951828813871 0.901349025201726 1.09536860229295 2.40374628695736
"dumas_-_La_reine_Margot_-_Tome_I" 1.17201776264993 0.72378845363762 0.804829239123933 0.770094801673428 0.817752644994797 1.00699877267202 0.78143705447557 0.34962748457167 0.427628506937787 0.501179514817478 0.798186943365208 0 0.333211458077412 0.961741790544979 0.588346748908201 0.698923349339503 0.583894458117983 0.960417044847119 0.754600849795573 0.493433228247839 0.897787597394932 0.99816593438616 1.13641620501162 0.549239905129206 0.541588589364982 0.417004765377295 0.448714926731318 0.593968401195301 0.459725225852072 0.482641576477145 0.359087444696586 0.531767560803544 0.746236480053795 0.49375786875731 0.50577026647281 0.496532409918657 0.563890224970504 0.597508862296296 1.36702070687105 0.654941560531285 0.435050173172908 0.39002372037813 0.470792882182979 0.377649241911123 0.941903747409322 1.14535654899461 0.648455028399954 0.483047629670229 0.45418816996972 3.09931906633609 1.40714845607715 1.34008701964283 1.33195555049345 0.904462980448405 1.10935109196873 0.732167473528098 1.44577935821585 1.0549206082252 1.28034779338148 1.1117571305249 1.29337261204992 1.13181474866006 1.36222291269122 1.39738858192572 1.07615422812159 0.919550952686843 1.03350794623066 0.876186342223621 0.985887304771771 0.914091010080684 1.33600132711805 1.17284198483277 1.30238927275551 0.776969963427259 0.733850585627056 1.373579397681 1.13125227016686 0.937184782644334 2.40676282136554
"dumas_-_La_reine_Margot_-_Tome_II" 1.21673884948427 0.682896160441483 0.808755150592885 0.789108973224231 0.852632100742599 0.987834911349102 0.83122180459089 0.369558835112532 0.416989587250935 0.472263845209104 0.807313728375429 0.333211458077412 0 0.984240175114562 0.597558560956704 0.732982990469728 0.569946234866369 0.978741114719177 0.777192892046403 0.505764150433764 0.876078204782585 1.02657246671383 1.16560734766698 0.63088193629042 0.565168598473098 0.428553989482505 0.482622941919495 0.617125376183742 0.422726512534336 0.463388033377785 0.434462224728295 0.506705842222664 0.750113524364556 0.474510907009798 0.511419039260143 0.489152370728661 0.546303637806517 0.57742290258162 1.36082904434555 0.658254200467465 0.438874838998291 0.436463138627256 0.467383390534961 0.423092401116447 1.04220823247977 1.21020280767631 0.689828620931274 0.483024952409929 0.419806480627196 3.16440627185582 1.39147466586621 1.3715579373459 1.36988834266191 0.931410262008065 1.03792450319823 0.748940338663819 1.47647270787514 1.01019240663393 1.30541692259681 1.12393961416772 1.33543607492324 1.17246907338735 1.36922351022252 1.38215279433433 1.0423585721411 0.861508399412743 0.969267455116507 0.810663161009253 0.922394933734541 0.843730973821104 1.27175202658463 1.15618910371295 1.30279536002489 0.854993444446701 0.771765018133616 1.37776785909317 1.13225457281886 0.947450655666985 2.47778131419116
"dumas_-_La_San-Felice,_Tome_01" 0.6432590092844 0.721297858613931 0.473725567618729 0.846888163187308 0.578784973624721 1.6182583649571 0.652625324979952 0.991817072126128 1.08132696470712 1.09832377645813 0.767137191776185 0.961741790544979 0.984240175114562 0 0.584911905509805 0.520191192040864 0.71919506719294 0.548148172004515 0.531583307778919 0.726523350524887 0.741147780314729 0.674417289684441 0.631685290902087 0.829630449355354 0.779642785027221 0.904386831593411 0.995616197311854 1.06129974535862 1.13833786302074 0.914752199704164 0.930245637446358 0.739063229156782 0.570640073037009 1.09896441248725 1.14669955631147 1.19807849958006 1.12001443813484 0.699242761955989 1.22566160075247 0.940678068072092 1.11518128885793 1.04992676745741 0.868106475904419 0.928043013115845 0.650170731137603 0.741013446240212 0.789112836985904 0.825182932630862 1.01569816727872 2.74704746840527 1.42996956155705 1.22820553969818 1.24311725112431 0.915595890797742 1.06468238901311 0.832391983670364 1.58664059337401 0.864942699859464 1.42633535570159 1.25002060712711 0.973696921396698 0.881039374326518 0.988375120095672 0.95076837267935 1.55268179525901 0.910542261697114 0.842673418037806 0.769801617051284 0.810310102367563 0.926201228113223 1.0569119956551 0.860960799966973 1.05498254937833 0.656148784242262 0.804081707674071 1.16932753416453 0.881357259355523 1.28421007282782 2.07592841054547
"dumas_-_La_San-Felice,_Tome_02" 0.928961602429818 0.528157154673515 0.474465710255706 0.774549722782975 0.555536982431879 1.27542389483121 0.659808110304388 0.609989421880727 0.641800715092572 0.678284723538107 0.613028148323497 0.588346748908201 0.597558560956704 0.584911905509805 0 0.348505693521499 0.336169741393489 0.561062996163625 0.377645947791786 0.467333947484255 0.600851299749584 0.706413779300495 0.829766607810986 0.634512145894998 0.493683858003068 0.584532432555588 0.654356248442647 0.76201150995105 0.742426967012631 0.54565981357087 0.602137366977747 0.337046054445934 0.493162942390631 0.705994145118907 0.777313770949098 0.815546692715011 0.722757299120155 0.359171122272571 1.22343261707144 0.694277783125328 0.701169908535062 0.6601232602922 0.492271412404021 0.595897269883367 0.772662521990651 0.897145134952588 0.598255775026875 0.505582104619821 0.571045985589237 2.94889235012695 1.280872307928 1.16064126476154 1.1660074860023 0.854356226195627 0.919974611564182 0.661555597334621 1.4928313147227 0.820537666384997 1.42638833159102 1.13111232556282 1.06606826116956 0.956770240491241 1.12158879823929 1.14631595871011 1.26586308491565 0.768881705691199 0.816189564670905 0.663791677070619 0.776368250520141 0.742315840239106 1.08352367712192 0.923756197422597 1.05846540528774 0.635660235019214 0.659928780151314 1.18650918414588 0.860340224294963 1.0459357744696 2.26672530920457
"dumas_-_La_San-Felice,_Tome_03" 0.854791601538596 0.624276530070297 0.466933530786836 0.807478856957472 0.613052296689732 1.42460727150285 0.637699714897444 0.733212917328171 0.783041170884991 0.780256450499858 0.725840775212299 0.698923349339503 0.732982990469728 0.520191192040864 0.348505693521499 0 0.417260342963135 0.483873938403582 0.339253848657446 0.570092041876287 0.714719173477967 0.734119810467434 0.786737103298969 0.672156271705774 0.5933731601358 0.684513859466355 0.74691394257125 0.824812282812302 0.884412071609039 0.711066653914909 0.699395757485731 0.431791466187591 0.526552533636303 0.837151439724259 0.875433828332331 0.92487137826186 0.828103800001102 0.479934033179477 1.21038919822668 0.795623114170881 0.856208058078765 0.789943072180456 0.62270249224503 0.730197688748553 0.732130341545876 0.82197648253418 0.671945069204537 0.653671118961329 0.710433757860269 2.94141858030878 1.37884830656597 1.18174073248741 1.18481281653161 0.871126659313243 1.02963329773883 0.709976032644153 1.49605718532101 0.921320791010531 1.39304679556115 1.19921798415178 1.0643351450992 0.92310068813022 1.10515862838478 1.0829086068765 1.35895342812012 0.869272543978594 0.905740066809679 0.768638214146558 0.847038293436191 0.905365621986779 1.14740979655614 0.988730834961619 1.08099833804752 0.649050238621067 0.742960846674507 1.23925214581717 0.926340021166876 1.10900990447806 2.21151750686543
"dumas_-_la_San-Felice,_Tome_04" 1.04649369369037 0.5789229492834 0.540836410849867 0.812200185460471 0.692591226589513 1.24577380530709 0.71132505798377 0.573295362435842 0.597997170023934 0.585791646318885 0.742655002889807 0.583894458117983 0.569946234866369 0.71919506719294 0.336169741393489 0.417260342963135 0 0.603861170886142 0.388573676065287 0.499380692342267 0.671869183300911 0.80858604033891 0.868241381997402 0.644796824379839 0.525011242722008 0.605595192658551 0.684330040705664 0.726152724643498 0.749423395207026 0.585571711975757 0.636490973109788 0.329819475362829 0.554645226230464 0.657401180579814 0.735966891157804 0.751246723851907 0.649986335479374 0.404301830224044 1.26516382957349 0.700546355757756 0.687728500743072 0.632164030253462 0.523265912276662 0.601914082866621 0.767026587362839 0.895196804646423 0.620555599736223 0.521616413963828 0.586449709001243 3.01539375373103 1.26706490086723 1.15369304199679 1.1607577056847 0.860331977421398 0.955673314481573 0.655090273906439 1.4128913787636 0.847975604986283 1.38818122137962 1.12935311163325 1.0881293075315 0.99233976062542 1.11899201171995 1.09868925991079 1.18382088995106 0.835354937492168 0.86948764289776 0.70188805238968 0.822721474504357 0.744725708458726 1.11762752600601 0.959972291314928 1.02742868819693 0.708520448053546 0.717254860969446 1.16768420646575 0.910630128525743 1.01108531085218 2.22496293291895
"dumas_-_La_San-Felice,_Tome_05" 0.809044308833134 0.710364101319575 0.474591737820641 0.91016675074315 0.618590038838255 1.59772486480435 0.757549261426984 0.94813768030904 1.0166220907646 0.987099976786121 0.894783932491892 0.960417044847119 0.978741114719177 0.548148172004515 0.561062996163625 0.483873938403582 0.603861170886142 0 0.424556338204406 0.76946040615545 0.664072076636313 0.657831431437207 0.695110805401328 0.902917780293898 0.795931443480408 0.915983653796342 0.972619485972187 1.05920797337567 1.10929737615527 0.885353672356574 0.962486862826916 0.67321840007446 0.596356340306295 1.07463637736342 1.12385631220226 1.17031258168675 1.04730660220361 0.61787461917134 1.20798134824443 0.862391912743093 1.06230942672275 1.03714331000074 0.854222283663042 0.957659976985541 0.709643071972081 0.683448419504021 0.752105479844222 0.869087496324479 0.920076779208578 2.89818535115828 1.4007282705125 1.224098770391 1.19616737511786 0.929330242829538 1.06931979754443 0.907496293741432 1.5458126930238 0.945070442353846 1.49479229663499 1.26814634658472 0.978803097517822 0.889942350729648 0.998767734537143 0.985564245474121 1.55474915022606 0.959037809671113 0.914835316978305 0.854149444925347 0.872284975751598 0.934075307355504 1.10701674263378 0.933675106272868 0.987673602954908 0.750226967060702 0.895110981834961 1.21241629219942 0.865121063005342 1.26458169806358 2.17015837486085
"dumas_-_La_San-Felice,_Tome_06" 0.875601300013187 0.564092273884656 0.451687680624547 0.782771119829144 0.590466465455459 1.40426600645364 0.662778715348033 0.732414754982085 0.783979079999434 0.755002242166415 0.7595861767866 0.754600849795573 0.777192892046403 0.531583307778919 0.377645947791786 0.339253848657446 0.388573676065287 0.424556338204406 0 0.605341432730789 0.620423401020261 0.706841523719586 0.762561442822625 0.750747847141548 0.619528858542555 0.742772064402475 0.812315599652312 0.890844270260028 0.908674146615274 0.700758956180281 0.768450682848093 0.438740819708479 0.557511196141947 0.856847388619138 0.90559281227286 0.944489198606849 0.845724790741144 0.47350908961719 1.20965043688082 0.768608351729015 0.871869578630481 0.813313164215315 0.678210675171653 0.774020012702258 0.677656214028119 0.769266099914196 0.658578327238359 0.678816373789836 0.753697068090293 2.9745558784961 1.32772240960975 1.16867924824305 1.18110172644412 0.834539263767019 1.02247386387092 0.723934504497171 1.48818078651594 0.901182524130752 1.39289332023764 1.17932907595541 1.06070717219005 0.873243263052496 1.08668742564542 1.05361617807343 1.33404419192139 0.892300465595268 0.927707929192842 0.753980206610389 0.846183334365909 0.845837181072042 1.14306749518677 0.941215429443139 1.04694117436808 0.70620150167854 0.763487901754439 1.19107846124265 0.891550676616422 1.12314996406342 2.24470741015213
"dumas_-_La_tulipe_noire" 0.953060222080692 0.667085255088047 0.627590536053588 0.759206887895096 0.623412732928451 1.2313875030782 0.670273305142654 0.502488016870865 0.562985879082506 0.609871610728668 0.567811681100075 0.493433228247839 0.505764150433764 0.726523350524887 0.467333947484255 0.570092041876287 0.499380692342267 0.76946040615545 0.605341432730789 0 0.761184473260696 0.831037442220808 0.915883061344514 0.566678527768279 0.493635215110878 0.452731694374014 0.549757689741078 0.637917335566856 0.595791242926448 0.542038808317782 0.443427348820585 0.477673929813414 0.57510341256668 0.615423978466473 0.664731893405582 0.685646046694223 0.646522793417903 0.431675620662282 1.22049525498051 0.6079829211832 0.593981886129421 0.551776967183364 0.456762909215391 0.478581009634508 0.844271275809828 1.06407229298151 0.650296559607184 0.412320742930895 0.553107923569451 2.94354467287517 1.27865763209181 1.2273820330616 1.24756079157062 0.892488789144798 0.969168118652937 0.632191444536738 1.52930984547593 0.906196451156597 1.35519822318103 1.14827067431824 1.22099799381532 1.02591821249114 1.25309779380389 1.26092382773408 1.20403041041961 0.733587628331238 0.852666224062307 0.677443818357968 0.83097683291732 0.751669073863136 1.16142474930064 0.995318831452658 1.09882906253339 0.67557852471285 0.669346853942658 1.21483018503339 0.961776351898729 1.01275460517621 2.30523983713936
"dumas_-_Le_Capitaine_Aréna_—_Tome_1" 0.855654173222025 0.642313150769247 0.606906657857784 0.795587537455016 0.51335718495929 1.50261375092121 0.728448550486759 0.878618628050799 0.930079736100727 0.911458637247617 0.699893579518342 0.897787597394932 0.876078204782585 0.741147780314729 0.600851299749584 0.714719173477967 0.671869183300911 0.664072076636313 0.620423401020261 0.761184473260696 0 0.504903137623671 0.674285965930074 0.819527768976306 0.651466623026226 0.825631414570138 0.903016903632419 1.02323901763847 1.00012312916169 0.77498832025597 0.89013790616985 0.6958804224092 0.442165945940708 0.964839571725255 1.05406840288397 1.07306900278182 0.963724677283022 0.594843864094595 1.28879042521041 0.838251396012987 1.02063235322407 0.963756547110591 0.775812170410786 0.825111616790476 0.667246661099121 0.714272798677084 0.644433564596165 0.673819674955012 0.819010954910401 2.97210551211579 1.44336013251262 1.33755639483782 1.28083391588445 0.944370932756255 0.922231116877513 0.931015063608071 1.63831094543614 0.911563924900476 1.51088412831221 1.17009680958734 1.07977460057246 1.0177892187365 1.10852851098551 1.11791391302835 1.46179159207601 0.820399270263682 0.820060449400597 0.742658663917286 0.785297549703614 0.80223078568418 1.05446731019949 0.846091155263856 1.15549256244105 0.748612439690903 0.776234904494966 1.21990952455294 0.929928887178705 1.23997607554454 2.34703204876703
"dumas_-_Le_Capitaine_Aréna_—_Tome_2" 0.863983821514332 0.734723046717313 0.640605271162621 0.869280725566128 0.595205604756414 1.63239093577675 0.782116787042641 0.994965644804725 1.07077842389397 1.09476429830728 0.823759469950292 0.99816593438616 1.02657246671383 0.674417289684441 0.706413779300495 0.734119810467434 0.80858604033891 0.657831431437207 0.706841523719586 0.831037442220808 0.504903137623671 0 0.699211205219237 0.88670945001857 0.797579010223444 0.9638273523719 1.03575701988268 1.13838695988414 1.16142865759614 0.949871469742748 1.01503328127204 0.842753211358282 0.525299858311838 1.12192456065069 1.21643759313251 1.21711383032325 1.13659135247461 0.745278050959792 1.28771024014959 0.892624288818928 1.13691589381476 1.09307959323833 0.914304750746638 0.980908313311432 0.604499406452593 0.689862260185824 0.685244318606388 0.847140706067363 1.00245216261718 2.80178988198656 1.50037208451086 1.36143549034601 1.32135367775954 0.970487677782318 1.0278145839532 0.994861471318559 1.70736495165316 0.936810733879683 1.65983198355343 1.26610876813612 0.977215032348326 0.954850471020536 1.01012927743424 1.06376146445797 1.65177593718087 0.928516929102234 0.860528904976473 0.888124539657514 0.852413461184689 0.931512823200728 1.0523060090969 0.803474557358243 1.12939029487886 0.723719816932083 0.837520834618779 1.21314400060957 0.971199772330656 1.33010909373078 2.22390081652935
"dumas_-_Le_capitaine_Pamphile" 0.627966871254563 0.918217074856438 0.693848630686687 1.00056071212324 0.636801598819371 1.78078711249255 0.74583602882182 1.17598011405518 1.1792657894166 1.1434484917808 0.832167089382418 1.13641620501162 1.16560734766698 0.631685290902087 0.829766607810986 0.786737103298969 0.868241381997402 0.695110805401328 0.762561442822625 0.915883061344514 0.674285965930074 0.699211205219237 0 0.97014233581863 0.880927155127624 1.13118680199646 1.19012712144536 1.2366326535684 1.34317229266217 1.10958555772446 1.12578476949123 0.903652339436789 0.675333087319219 1.25411774225564 1.38679801150343 1.36559349299041 1.2467544222956 0.853547757207831 1.51131856429075 1.11252142257394 1.30220374080631 1.29268332037363 1.04271904441291 1.11504902016222 0.766108397208806 0.723459955910118 0.855445755321414 0.95930433256496 1.11161744214912 2.77110459946668 1.66388736606767 1.43812816726623 1.43569160709985 1.02284429196548 1.049338481224 0.991665182179189 1.71569765275452 0.946426735067771 1.6432922658633 1.38676162966651 1.02057666864625 0.857582711224647 1.06811442271851 1.05093225203371 1.70536436113743 0.914576646601571 0.830230591945411 0.823102266013676 0.844513712267156 0.957382803782661 0.986009882882099 0.968052073503719 1.08874004499895 0.756462160223682 0.872934697378864 1.25875358017883 0.930454746979002 1.37943007908303 1.98256651627799
"dumas_-_Le_capitaine_Paul" 0.853106572264119 0.717907148391474 0.772415917304552 0.690433732428295 0.672775029012429 1.21643031751061 0.770043199269001 0.594259444329236 0.695619440712818 0.791825094875259 0.713747179269742 0.549239905129206 0.63088193629042 0.829630449355354 0.634512145894998 0.672156271705774 0.644796824379839 0.902917780293898 0.750747847141548 0.566678527768279 0.819527768976306 0.88670945001857 0.97014233581863 0 0.595447124976925 0.611709450056038 0.669124693796396 0.755911204540988 0.696784176872635 0.599823737588743 0.467606876328193 0.656370555634668 0.647486090933402 0.711424280416717 0.789407108451523 0.786968453260297 0.751611183739489 0.649030759102086 1.37806586375765 0.644284647594592 0.745756693003114 0.658037910419972 0.605319966225347 0.536242508856066 0.876389630103547 1.06833879688459 0.520670674398636 0.498891776488434 0.669815939123385 3.0728936550423 1.46259490278556 1.31927845989547 1.35926968093324 0.781488507494262 1.02311471592497 0.615241251665449 1.53983919312265 1.004569263578 1.33206404797153 1.09879541917396 1.18723368499344 1.01324222885871 1.22048364666948 1.36249516550514 1.20793660728802 0.886155698876656 0.971890014844426 0.861334313973929 0.948638917599369 0.945931724141534 1.2658720017893 1.08998050933771 1.24409069344266 0.726897053508061 0.710961381493261 1.37446865262291 1.05327575149369 0.99569415811157 2.38796641767555
"dumas_-_Le_chevalier_d'Harmental" 0.982165791510081 0.718156647630542 0.643898597526403 0.769496513542635 0.633487656961581 1.237152261472 0.611867108658648 0.568281900753687 0.627811011614958 0.715696219109626 0.628773864029116 0.541588589364982 0.565168598473098 0.779642785027221 0.493683858003068 0.5933731601358 0.525011242722008 0.795931443480408 0.619528858542555 0.493635215110878 0.651466623026226 0.797579010223444 0.880927155127624 0.595447124976925 0 0.589566550705077 0.647146342739095 0.722614067532731 0.682047152640373 0.547848830791888 0.603428865821374 0.449120505054167 0.570668617556848 0.678229909710151 0.73721495376332 0.72913197415434 0.704884598825248 0.566531743804529 1.24030398851591 0.717726198361113 0.720379506616864 0.646872889444398 0.57013301719139 0.434851713042545 0.915549141660088 1.0731588942452 0.624784856433464 0.441785056875625 0.560297961619114 2.99043049759393 1.42597018728327 1.333808573335 1.35648753483785 0.998748611426962 0.95841646650772 0.751800089679088 1.55258072641403 0.927854755636427 1.43078780035639 1.23592420366074 1.22157357365814 1.06801342311799 1.28486131280667 1.27802957314042 1.27856696820463 0.754866739496918 0.846689459030178 0.728643332158618 0.854246314770991 0.789180097028137 1.17976251903019 0.977137327036211 1.25871856364425 0.697056092439582 0.71484752174842 1.30463146372263 1.03370465238451 1.09287266068418 2.31485347508757
"dumas_-_Le_chevalier_de_Maison-Rouge" 1.1161287426095 0.674432031880001 0.732997952626465 0.752368739331194 0.780190359608185 1.10431709537994 0.793623776854976 0.422858131106796 0.483892036107178 0.495431454118582 0.724800709874115 0.417004765377295 0.428553989482505 0.904386831593411 0.584532432555588 0.684513859466355 0.605595192658551 0.915983653796342 0.742772064402475 0.452731694374014 0.825631414570138 0.9638273523719 1.13118680199646 0.611709450056038 0.589566550705077 0 0.500168017306067 0.617164467320713 0.501049791586185 0.495032933122446 0.416501005245139 0.610998921050744 0.69288461992776 0.558418160492445 0.587593969784463 0.608759475665984 0.639167044662012 0.504542940465513 1.24341808621997 0.652509622089934 0.48513732947581 0.463519673498393 0.423735336917163 0.42965242809201 0.944258378715999 1.1107564606435 0.677155564771374 0.453107256743855 0.51493523672966 3.09317914472122 1.32178721537617 1.29167014290792 1.28897063543292 0.854505071076785 1.0261129485234 0.690618708813316 1.43889578291929 0.952111740604147 1.22946129937476 1.08806312011065 1.28873188920933 1.09788300779327 1.31698449661667 1.32581203700223 1.07430678146383 0.783070843833612 0.884977669900333 0.764188397028497 0.858994536577226 0.805605949302624 1.24637125281633 1.06610308430855 1.21284994382845 0.728482871501068 0.674214914737505 1.26404280862585 1.02461707080383 0.961724114764798 2.46608060883737
