"hugo_-_Actes_et_Paroles,_Volume_1" "hugo_-_Actes_et_Paroles,_Volume_2_Pendant_l'exil" "hugo_-_Actes_et_Paroles,_Volume_3" "hugo_-_Bug-Jargal" "hugo_-_Claude_Gueux" "hugo_-_Han_d'Islande" "hugo_-_Hernani" "hugo_-_L'homme_Qui_Rit" "hugo_-_La_Esmeralda" "hugo_-_Le_Dernier_Jour_d'un_Condamné" "hugo_-_Le_Rhin,_Tome_I" "hugo_-_Le_Rhin,_Tome_II" "hugo_-_Le_Rhin,_Tome_III" "hugo_-_Le_Rhin,_Tome_IV" "hugo_-_Le_Roi_s'amuse" "hugo_-_Les_misérables_Tome_I_Fantine" "hugo_-_Les_misérables_Tome_II__Cosette" "hugo_-_Les_misérables_Tome_III_Marius" "hugo_-_Les_misérables_Tome_IV_L'idylle_rue_Plumet_et_l'épopée_rue_Saint-Denis" "hugo_-_Les_misérables_Tome_V_Jean_Valjean" "hugo_-_Les_Travailleurs_de_la_mer" "hugo_-_Littérature_et_Philosophie_mêlées" "hugo_-_Napoléon_Le_Petit" "hugo_-_Notre-Dame_de_Paris" "hugo_-_Notre-Dame_de_Paris_-_Tome_2" "hugo_-_Post-scriptum_de_ma_vie" "hugo_-_Quatrevingt_Treize" "hugo_-_runner.sh" "hugo_-_Ruy_Blas_Drame" "hugo_-_Victor_Hugo_à_vingt_ans_Glanes_romantiques" "zola_-_Au bonheur des dames" "zola_-_Contes à Ninon" "zola_-_Correspondance Les lettres et les arts" "zola_-_Correspondance Lettres de jeunesse" "zola_-_Ed. Manet" "zola_-_Germinal" "zola_-_L'Argent" "zola_-_L'Assommoir" "zola_-_L'Œuvre" "zola_-_La Bête humaine" "zola_-_La Conquête de Plassans" "zola_-_La Curée" "zola_-_La Débâcle" "zola_-_La faute de l'abbé Mouret" "zola_-_La Terre" "zola_-_La vérité en marche" "zola_-_Le Docteur Pascal" "zola_-_Le Naturalisme au théâtre, les théories et les exemples" "zola_-_Le Rêve" "zola_-_Le Ventre de Paris" "zola_-_Lourdes" "zola_-_Nana" "zola_-_Nouveaux Contes à Ninon" "zola_-_Paris" "zola_-_Pot-Bouille" "zola_-_Rome" "zola_-_Son Excellence Eugène Rougon" "zola_-_Thérèse Raquin" "zola_-_Une page d'amour" "zola2hugo_para_15"
"hugo_-_Actes_et_Paroles,_Volume_1" 0 0.409897996147001 0.375893091346207 1.1210411661523 1.10814779971411 1.13058226520472 1.21781498811215 1.05087109461108 1.16861105729317 1.1848868073436 1.02094821907003 1.18863494458927 1.00637178836949 0.987083481021729 1.15209884549864 1.11965563046555 1.06808590714254 1.07672104881821 1.10310231487922 1.05012225265104 1.1604597265838 0.885239477360322 0.892243884577502 1.10800925723749 1.16454997228272 0.891563119095632 1.00776474217814 2.27335228995953 1.05962930347979 1.84244994893336 1.36275400567009 1.24073772051002 1.17078920368659 1.27420885343456 1.1179610139639 1.39666356346857 1.21706828323462 1.4907092592666 1.42086468592403 1.47873163086482 1.2412322465485 1.41665753449676 1.35924181347308 1.42566512632823 1.37401132647816 0.914751116036651 1.40264728055303 0.940579016964463 1.39844318571301 1.41442140565505 1.24808705497094 1.45732045874721 1.27016849779378 1.28496473129292 1.42352920026836 1.24715093034686 1.38324360882825 1.58672351809551 1.49709592834757 2.72767015407418
"hugo_-_Actes_et_Paroles,_Volume_2_Pendant_l'exil" 0.409897996147001 0 0.313127501970386 1.07990044591472 1.07712294429327 0.984321336322004 1.14881524104207 0.856751969655777 1.13914584208313 1.16776234766479 0.847808745872348 1.03724782490234 0.846580352453747 0.813632672264783 1.11627377561234 1.03724956812731 0.919710185592398 0.962862201862236 0.958120656805652 0.967159018268316 0.987847132406451 0.804371264726411 0.669791533579354 0.941633266469267 1.02658774711755 0.729388093926375 0.782021958705924 2.19952659169197 0.99261435254826 1.72263177836251 1.20375310511277 1.13446203529555 1.31689468052276 1.32550274379975 1.04567367399288 1.2216068330834 1.15734995231092 1.39169997056264 1.27252595822285 1.38191242735774 1.25025909011345 1.24993664757537 1.21660716027251 1.35687280969679 1.26559173285306 0.928105379082451 1.32564184209541 0.948348557978629 1.2533023216163 1.26701956433314 1.14503268902906 1.31608826784973 1.11763278487836 1.21892133843302 1.32932164471611 1.14191916681838 1.27385308134603 1.42809221722085 1.40860963517088 2.59644447311512
"hugo_-_Actes_et_Paroles,_Volume_3" 0.375893091346207 0.313127501970386 0 1.05332259757735 1.08296106405733 1.04485202242834 1.1323897288286 0.938348929269326 1.13332814963243 1.16051025469517 0.881808842777921 1.11493391901637 0.890398203407988 0.842621156984677 1.15292326558715 1.07581778315947 0.995054856237438 1.01580899324954 1.01564689443869 1.01738421929236 1.0599113775118 0.809302749210446 0.766893702288046 1.00802180799325 1.07676577260932 0.806908170108526 0.882891780104042 2.18549798004269 1.02826779424552 1.70483548417441 1.20529972681205 1.11387165563271 1.22383511901568 1.29952669086876 1.01983839665035 1.2398081944739 1.11934307278271 1.38584827902622 1.25994522996641 1.37110478630693 1.1991828266046 1.26985722334025 1.19183828404546 1.34357801996783 1.25454341000072 0.83729317322554 1.30550081558952 0.889140719546152 1.25934880593595 1.27307552523846 1.1049092076449 1.33899432896432 1.12773046574038 1.17436619051217 1.31262094310629 1.1210419970368 1.23555906929817 1.43836470649451 1.40376668596286 2.62403279203539
"hugo_-_Bug-Jargal" 1.1210411661523 1.07990044591472 1.05332259757735 0 0.914126839967847 0.501803109458759 1.09788929386825 0.851259372423739 1.06546768229367 0.773780621140949 0.959001147180049 0.774012306767153 0.971913431202817 1.04832807371303 0.874557323770989 0.831861796715605 0.861448220921756 0.751145660538435 0.822695015361118 0.854996982799088 1.02495771070053 0.882357780107944 0.94776943952946 0.668386931544999 0.691935273848836 1.16643099204618 0.830562850765128 2.38211496671059 0.794674372314459 1.82270849969925 0.773378391174243 0.748990889530086 1.13138069279481 1.06694236408355 0.991800350840597 0.857022445151723 0.762609206884232 0.977660072083852 0.813490109416239 0.939468779344987 0.791047674477657 0.768272916456213 0.824690622240867 0.832930797598018 0.882830522072989 0.856785423772176 0.856508684842745 0.947231103487269 0.862127738474493 0.877352613223487 0.760778074465729 0.823295268205989 0.713677204672374 0.79256622470884 0.830215265962697 0.775729017271679 0.796505431869935 1.00434704080073 0.939242931389556 2.68207904485353
"hugo_-_Claude_Gueux" 1.10814779971411 1.07712294429327 1.08296106405733 0.914126839967847 0 0.783292659147805 1.31506335769022 0.774017198686876 1.27853293087651 1.02198199649724 0.970333448362486 0.948447249532253 1.01422151974697 1.0698621773594 0.982201103535196 0.66414938356141 0.720989828436824 0.643098348063492 0.714514822019408 0.653461144852325 0.97364028337238 0.845237026253291 0.838759465261521 0.761431627305161 0.761971650342582 0.963260207602903 0.788970157839356 2.57359296555344 1.01190103032557 2.01989660173659 0.953125340305828 1.12646941356438 1.32822748989768 1.28630950234823 1.08529418774483 0.979846546204776 0.812626156965762 1.07299037649203 0.952246215261167 0.898393903158586 0.88470848140316 1.04848734537225 0.929346660202568 1.03296368032295 0.902803887981352 0.982425665387811 0.947351165433516 0.949220200229185 1.07515980525902 1.02542446206191 0.931402108700793 0.999774483493149 1.11822899997076 0.852162957187831 0.956216440852822 0.924891734364737 0.999428555920618 1.12066842077909 1.0421626881846 2.82032542861015
"hugo_-_Han_d'Islande" 1.13058226520472 0.984321336322004 1.04485202242834 0.501803109458759 0.783292659147805 0 1.03574573753763 0.756277705778233 1.08371867145101 0.926044881716654 0.929060480486497 0.764829442766707 0.94722052647579 1.05718186444559 0.810810622626016 0.716606923476069 0.770972224025609 0.674015839660335 0.759105010538022 0.688479465410984 0.985061166994679 0.805845540720587 0.860633807299029 0.566923282135406 0.566131081123645 1.01814869464079 0.788570002833611 2.38334096152158 0.762748056732977 1.76842677716067 0.736864193671977 0.740681723025136 1.20220018487793 1.07114580447525 0.944662633326469 0.776962087081302 0.672032410546016 0.914297835975356 0.750304875716452 0.798065207344613 0.722944575625057 0.781723017661596 0.770882553793278 0.781134730789349 0.765947594076637 0.844943214284211 0.758659171823232 0.854492904710086 0.800220643567488 0.884460905894581 0.735439716810658 0.740759977527192 0.847603631666851 0.712920468239845 0.725727440506175 0.719418984816357 0.744064072834845 1.00906265489471 0.84068001966936 2.64563187797482
"hugo_-_Hernani" 1.21781498811215 1.14881524104207 1.1323897288286 1.09788929386825 1.31506335769022 1.03574573753763 0 1.24389317679292 0.861078016206992 1.23430969815179 1.1316163449466 1.13033485561936 1.08067847263029 1.23361219704945 0.963677872106719 1.29344144346706 1.30764407884344 1.2651667475336 1.26162262152135 1.20894672194535 1.34633861620207 1.31856118414422 1.23254636927054 1.13164321953696 1.10159029283413 1.29623578775023 1.1867808927872 1.51442898468562 0.86001076356597 1.51044392915305 1.28587595533042 1.19650549610058 1.25246561981858 1.30797665784129 1.2637044883643 1.33485139828465 1.29084492016036 1.40489012527789 1.32326304922019 1.42169785350968 1.22225069399061 1.36853376467015 1.33345533933708 1.26957152160303 1.34072070574333 1.2133136530908 1.34137247296974 1.25183302475621 1.33394547967384 1.33869854018165 1.31598078457674 1.2960063222215 1.14592017103968 1.33462392939416 1.30048640613019 1.34329708763466 1.24068162383495 1.46133163323666 1.32392938492394 2.30996606938649
"hugo_-_L'homme_Qui_Rit" 1.05087109461108 0.856751969655777 0.938348929269326 0.851259372423739 0.774017198686876 0.756277705778233 1.24389317679292 0 1.21022036392673 0.896296070854448 0.711549541819896 0.67218836766807 0.765130241804786 0.782925730457988 0.960745772059532 0.453047456593382 0.369318993283347 0.393878606324424 0.365735362573506 0.416014696880648 0.459276169747168 0.706704390707154 0.58040533266335 0.529851930012467 0.572104796385968 0.71645339546924 0.385053128779136 2.38858038366336 0.824432965707171 1.7908378068068 0.731706145488289 0.901306829661462 1.31809567286308 1.22877842014123 0.911989217950364 0.736891964470075 0.696999674704789 0.84989441347959 0.753343013949147 0.769931606106792 0.857818151034912 0.791608765870303 0.672446495565573 0.933739800919871 0.777684548380645 0.868392475023473 0.784542137039123 0.793834762868638 0.803333819762248 0.786138338299534 0.7215735922 0.80135402869712 0.928422287036424 0.731968485248665 0.865279790481404 0.678227181863149 0.859362484341921 0.923794334269342 0.903028623904162 2.63632726095188
"hugo_-_La_Esmeralda" 1.16861105729317 1.13914584208313 1.13332814963243 1.06546768229367 1.27853293087651 1.08371867145101 0.861078016206992 1.21022036392673 0 1.12106836320797 1.17856449654792 1.23045280727425 1.20744528666711 1.2510791222254 0.783414516596865 1.21071566022226 1.23837286631736 1.21708273548716 1.2398251921288 1.22947706845956 1.37618609871993 1.26145462018865 1.23390095829235 1.1521539577352 1.11855337866273 1.23627805801305 1.2446248311865 2.14105514202609 0.816882333498851 1.81936567902537 1.27687621821593 1.21634776663939 1.25865879862648 1.22337159143915 1.23768961302074 1.3065657561163 1.22394084059559 1.35119345927918 1.2905125446168 1.33912994615206 1.15087197994963 1.37915277876168 1.29435806840377 1.24235835131586 1.25738307198286 1.1116102676826 1.2899482870154 1.17034230887552 1.26898275992025 1.3631229385375 1.26120726918648 1.28458180731081 1.11638669152571 1.26975443543697 1.25829737496815 1.28966263399487 1.29035092175271 1.41897984462607 1.31353977410101 2.58004902339186
"hugo_-_Le_Dernier_Jour_d'un_Condamné" 1.1848868073436 1.16776234766479 1.16051025469517 0.773780621140949 1.02198199649724 0.926044881716654 1.23430969815179 0.896296070854448 1.12106836320797 0 0.977904013660916 0.991297298895771 0.990155789745849 1.1078379586608 0.879305472790388 0.832998852496277 0.883939326935903 0.840132007567718 0.868267977447213 0.875709226733165 1.09092342545622 0.978436382495377 0.913693445543033 0.832003515146726 0.824064859976519 1.10442574979058 0.892101164287584 2.64506388086848 0.759007280722585 2.11290336538954 1.09188023844733 0.95712754677834 1.01731117276172 1.03328712077808 1.07157190677422 1.09472536224759 1.05288470037559 1.1394272081092 1.05213078661291 1.14793424018228 0.952864779676331 1.08317915506531 1.03341411551793 1.1233056870078 1.07332478004644 0.98503150878344 1.11429750805988 0.911062520268775 1.14508885704533 1.09712629875446 1.02699997670337 1.08286976826429 0.863916134340169 1.04728024699302 1.08703749851163 1.07306749207793 1.05892612744764 1.23496526215254 1.09640260888073 2.87592897376006
"hugo_-_Le_Rhin,_Tome_I" 1.02094821907003 0.847808745872348 0.881808842777921 0.959001147180049 0.970333448362486 0.929060480486497 1.1316163449466 0.711549541819896 1.17856449654792 0.977904013660916 0 0.668477128981508 0.264628326937879 0.639781892224471 1.15690458890742 0.866279369015312 0.696014881558916 0.829120493602053 0.712220760559951 0.868652681619109 0.707343915684186 0.694945496076855 0.629687838226284 0.693236839735411 0.823519355753726 0.799718939089329 0.681968499778757 2.25344218128258 0.895821838659322 1.59588296675423 0.911207703640906 0.988281462431068 1.31387056228314 1.33373503949868 0.815168250650589 0.977879720568356 0.903292261338213 1.08921536290664 0.977652519226878 1.10624099818725 1.11463309060532 0.92339828331464 0.863775463128895 1.06734074378788 1.08647622047966 0.863664970900351 1.06046990398451 0.804337246078933 0.899259205008391 0.937154169042439 0.857420830929674 1.0300010916826 0.773446558138666 0.996004444347464 1.12223770552842 0.813980884950522 0.987971884439587 1.16834873811173 1.12005336416544 2.48819888898206
"hugo_-_Le_Rhin,_Tome_II" 1.18863494458927 1.03724782490234 1.11493391901637 0.774012306767153 0.948447249532253 0.764829442766707 1.13033485561936 0.67218836766807 1.23045280727425 0.991297298895771 0.668477128981508 0 0.683801107864516 0.854869635764282 1.05221930738875 0.756939147593831 0.683771179264178 0.683206360198765 0.643838269045667 0.763791152849421 0.742703396556888 0.857103477032524 0.77321216726503 0.599529479471679 0.653033465552765 1.03065748401928 0.654590163745373 2.24878342039611 0.881670335772827 1.66059717716578 0.814818368047435 0.815083160606906 1.43099723655554 1.36414779832336 1.0122795297778 0.817836937479862 0.842024761845085 0.973791806307449 0.839169731800744 0.999291992910045 0.914245836481003 0.723759258909208 0.820347326177943 0.891072964143081 0.947931351888477 1.06051468882509 0.905529517028487 0.966795594228969 0.848562888438626 0.787491184663794 0.825583103216925 0.846732529609249 0.794551026986567 0.890922662820814 0.945233829150772 0.759811063210143 0.806720477176444 0.97124742595804 0.954115077788973 2.41197090895601
"hugo_-_Le_Rhin,_Tome_III" 1.00637178836949 0.846580352453747 0.890398203407988 0.971913431202817 1.01422151974697 0.94722052647579 1.08067847263029 0.765130241804786 1.20744528666711 0.990155789745849 0.264628326937879 0.683801107864516 0 0.640859847531076 1.16737025898645 0.938553942450575 0.783181979945575 0.876764962159671 0.780429441594342 0.907026855656331 0.745298095190368 0.736380612121371 0.655785882706539 0.719448410538498 0.813453981231119 0.855067570899099 0.694872605856271 2.18462673659536 0.954803655943761 1.53199848786632 0.948842884890852 0.99668459591427 1.35318627500738 1.39801146622133 0.88236373573055 1.01149867848994 0.974958753798917 1.14154510378895 1.03513953453575 1.17477909159442 1.15831920678572 0.954576593499484 0.92652674250196 1.11224462591247 1.14700049984115 0.907953014598124 1.10869369726555 0.836751279716303 0.942425170061575 0.952635024632478 0.930399526168021 1.08477095717164 0.792992928477909 1.09089443243378 1.17618338923222 0.894090013379698 1.05764685682775 1.19714655991329 1.16857095221382 2.42533648451956
"hugo_-_Le_Rhin,_Tome_IV" 0.987083481021729 0.813632672264783 0.842621156984677 1.04832807371303 1.0698621773594 1.05718186444559 1.23361219704945 0.782925730457988 1.2510791222254 1.1078379586608 0.639781892224471 0.854869635764282 0.640859847531076 0 1.22042461623957 1.02931235483515 0.787976833555742 0.87498534487797 0.834475528455851 0.956058640008983 0.744872570372666 0.698556846896325 0.669821700439714 0.842256209879956 0.959580942553652 0.699503293385901 0.72318010088497 2.21474870358618 1.0242548192264 1.63870221106163 0.999149653825585 1.03021895275219 1.36386138700424 1.39455815553012 1.03204799345222 0.967095602106837 0.988355456634574 1.13046584179485 1.07810334642895 1.2067008582078 1.21583067338951 1.0565376346751 0.908766779770358 1.18078039927941 1.0698141429653 0.941946283035627 1.13363915563408 0.854466011902193 0.956882219435785 1.0328883077259 0.935214462220219 1.14121630731182 0.987428413755698 1.03182715248709 1.19692967638193 0.890600405518015 1.14399191077754 1.20462180946296 1.23438975184512 2.48923899332119
"hugo_-_Le_Roi_s'amuse" 1.15209884549864 1.11627377561234 1.15292326558715 0.874557323770989 0.982201103535196 0.810810622626016 0.963677872106719 0.960745772059532 0.783414516596865 0.879305472790388 1.15690458890742 1.05221930738875 1.16737025898645 1.22042461623957 0 0.94176218936016 1.01116548934808 0.907577123887154 0.990936946806009 0.904852815877508 1.18996445306573 1.09522766994916 1.00659117058226 0.889384356657119 0.828329855045346 1.0690564792979 1.0289684150811 2.40725781058818 0.553448315546684 1.98670856853668 1.10750057446688 1.02520684318352 1.05259017759903 0.97043623550501 1.13425919620363 1.1123298316663 1.04352405536959 1.15209954962232 1.04793780032767 1.06391781762846 0.864582562757389 1.14801634614597 1.09684520639939 1.01105366747214 1.06422478785003 1.05462274020545 1.09233781402977 0.994119851295324 1.15670170713209 1.18486656816473 1.09219849018649 1.03909490876968 0.980077798070468 1.06681523044734 1.00751582822757 1.12125097438321 1.04346264581923 1.25026895289654 1.10531622488882 2.75939167523108
"hugo_-_Les_misérables_Tome_I_Fantine" 1.11965563046555 1.03724956812731 1.07581778315947 0.831861796715605 0.66414938356141 0.716606923476069 1.29344144346706 0.453047456593382 1.21071566022226 0.832998852496277 0.866279369015312 0.756939147593831 0.938553942450575 1.02931235483515 0.94176218936016 0 0.400506642807783 0.294073664496999 0.372092702528231 0.337876930041877 0.678089481792373 0.750921711987923 0.781790944137248 0.502060456329505 0.500253217289412 0.896223600792397 0.60405566812827 2.53987736685193 0.812722303714327 1.96860744401869 0.727012075328093 0.884047592220803 1.23545960673148 1.18203777943178 0.91996451495767 0.795268310542304 0.588595715281415 0.836205085420604 0.726006134553065 0.687139990605593 0.646609826507972 0.793188840340616 0.751829684709608 0.812344545266577 0.719034779689175 0.951950071505631 0.678348290540779 0.792698544731234 0.818592619120012 0.780123044209685 0.677963879393668 0.7728568019358 0.916536930692098 0.644474393414814 0.766745931796957 0.686026345147427 0.732465558713465 0.922271010147382 0.805453503086226 2.78318999920987
"hugo_-_Les_misérables_Tome_II__Cosette" 1.06808590714254 0.919710185592398 0.995054856237438 0.861448220921756 0.720989828436824 0.770972224025609 1.30764407884344 0.369318993283347 1.23837286631736 0.883939326935903 0.696014881558916 0.683771179264178 0.783181979945575 0.787976833555742 1.01116548934808 0.400506642807783 0 0.361218378411783 0.279258959605392 0.423128997119212 0.453760144808664 0.681536208045862 0.599232459049168 0.506452062734543 0.570276169216182 0.707452622802484 0.452863172525953 2.46015599282351 0.873133084327459 1.90871981148772 0.730558723832552 0.919141577874103 1.3318693618589 1.27874336471211 0.91581065145961 0.70354452655039 0.641117806513317 0.841592193170652 0.735803968161362 0.753365498081639 0.819860436010339 0.807779655183886 0.631149673652121 0.898514647402339 0.707638264647733 0.91939194102458 0.748741887918215 0.771461872793278 0.782509912473409 0.750578516967324 0.644843924505658 0.826543290648575 0.924798229766529 0.712040944633586 0.859399165774718 0.607483278316679 0.844453575118612 0.960798627742143 0.888043522530452 2.66697554436621
"hugo_-_Les_misérables_Tome_III_Marius" 1.07672104881821 0.962862201862236 1.01580899324954 0.751145660538435 0.643098348063492 0.674015839660335 1.2651667475336 0.393878606324424 1.21708273548716 0.840132007567718 0.829120493602053 0.683206360198765 0.876764962159671 0.87498534487797 0.907577123887154 0.294073664496999 0.361218378411783 0 0.338888735022713 0.355856197786413 0.60463827621531 0.685011948825051 0.70100907110385 0.488497818338783 0.53904099799304 0.810698157512426 0.525559988041667 2.48699664848094 0.821715912603863 1.86665802423302 0.65872611939221 0.839811938321191 1.21519584520012 1.15986977841062 0.910256553100073 0.709249265067062 0.560492358331768 0.821680472146996 0.638022325278731 0.646539194073867 0.669842964263001 0.729658260861004 0.687840694750013 0.822272226814078 0.650687683939648 0.914813799071243 0.658101913023853 0.775183401822202 0.753914393267517 0.743175255562219 0.619623024202322 0.730118691174793 0.900710488250529 0.590010453642939 0.715033367908761 0.625713388837424 0.724392721058193 0.869011547104833 0.783624301297708 2.74169307314112
"hugo_-_Les_misérables_Tome_IV_L'idylle_rue_Plumet_et_l'épopée_rue_Saint-Denis" 1.10310231487922 0.958120656805652 1.01564689443869 0.822695015361118 0.714514822019408 0.759105010538022 1.26162262152135 0.365735362573506 1.2398251921288 0.868267977447213 0.712220760559951 0.643838269045667 0.780429441594342 0.834475528455851 0.990936946806009 0.372092702528231 0.279258959605392 0.338888735022713 0 0.378003991735119 0.4526860841941 0.681432770679875 0.626169595944831 0.454111685542708 0.485089897944414 0.743377760438102 0.439112148256739 2.47482866514759 0.866918728707097 1.91564151895067 0.692253379296928 0.870024278032301 1.32357426951894 1.22253871245302 0.902072798669529 0.697080241675756 0.633103577981298 0.807276414959111 0.675983160301793 0.684452143705769 0.76708802562917 0.77378595183299 0.624758584980557 0.82968919538025 0.700743150268028 0.905062574601239 0.710071231615126 0.761705879819835 0.739744811912452 0.733187018539973 0.638139098273176 0.764060509791998 0.889920774016993 0.678821743055663 0.832505345450723 0.624941300419846 0.807868301198871 0.902332646319831 0.77018028436092 2.67535474327025
"hugo_-_Les_misérables_Tome_V_Jean_Valjean" 1.05012225265104 0.967159018268316 1.01738421929236 0.854996982799088 0.653461144852325 0.688479465410984 1.20894672194535 0.416014696880648 1.22947706845956 0.875709226733165 0.868652681619109 0.763791152849421 0.907026855656331 0.956058640008983 0.904852815877508 0.337876930041877 0.423128997119212 0.355856197786413 0.378003991735119 0 0.604182700748309 0.706611316174109 0.722648569138244 0.549771895809966 0.546363460806911 0.771670371168591 0.568285933182281 2.50504202910755 0.828076626503867 1.95576972774165 0.775939494051973 0.857978733107731 1.15039204587159 1.07196963409335 0.938434486014216 0.763577439955773 0.633106331155128 0.876287431985792 0.720911076212873 0.675161168788375 0.675568887065312 0.873237739648549 0.685069265465453 0.821700695218181 0.690713854005319 0.858280745685971 0.687325183313157 0.763477326988994 0.826338122423853 0.857816857576853 0.712710475307582 0.820546557046978 0.986812604862256 0.637654307982037 0.779760541621604 0.695721579101479 0.798720465573247 1.00485404066372 0.871208579756665 2.77920484858742
"hugo_-_Les_Travailleurs_de_la_mer" 1.1604597265838 0.987847132406451 1.0599113775118 1.02495771070053 0.97364028337238 0.985061166994679 1.34633861620207 0.459276169747168 1.37618609871993 1.09092342545622 0.707343915684186 0.742703396556888 0.745298095190368 0.744872570372666 1.18996445306573 0.678089481792373 0.453760144808664 0.60463827621531 0.4526860841941 0.604182700748309 0 0.790328406819359 0.700379675972768 0.696382362712923 0.768205188591462 0.739818690791856 0.492726756754766 2.34941163340561 1.00232862675799 1.74798059578905 0.85248015784419 0.974041677672713 1.46352163080366 1.38579550982931 0.99363812582808 0.833229470484289 0.822155675625229 0.927984612552087 0.876249141845404 0.88927855067544 1.01878379454703 0.891419828831417 0.726704809923859 1.04594621426205 0.883804642584845 1.04154356133419 0.924816426624058 0.931296351953066 0.868212566025875 0.834942270233225 0.800279661698995 0.952422573849202 0.983569786292261 0.903087700799716 1.05474970687995 0.759210824464663 0.979173395827428 1.02004532258488 0.994794360067606 2.5349250353051
"hugo_-_Littérature_et_Philosophie_mêlées" 0.885239477360322 0.804371264726411 0.809302749210446 0.882357780107944 0.845237026253291 0.805845540720587 1.31856118414422 0.706704390707154 1.26145462018865 0.978436382495377 0.694945496076855 0.857103477032524 0.736380612121371 0.698556846896325 1.09522766994916 0.750921711987923 0.681536208045862 0.685011948825051 0.681432770679875 0.706611316174109 0.790328406819359 0 0.621538132398974 0.732956146356154 0.830270935645586 0.630754342132086 0.781721601703042 2.49383649685258 0.942373498307481 1.88959897192756 0.847000900949709 0.800589109908092 1.13597849542444 1.06443185697317 0.762539501059647 0.856052459209405 0.708202993469087 0.991495505132904 0.875974970040768 0.934324701416682 1.00480416524583 0.907258628538769 0.784509377421857 1.03076987950253 0.906410173007817 0.708036066852038 0.868091476124882 0.577509377826191 0.881813380526782 0.931933813292495 0.715103213086465 0.984960664144052 0.964406621621603 0.759958232641945 1.01695974337557 0.698443371656066 0.990081017689986 1.09596551446961 1.06698505170161 2.74630681568718
"hugo_-_Napoléon_Le_Petit" 0.892243884577502 0.669791533579354 0.766893702288046 0.94776943952946 0.838759465261521 0.860633807299029 1.23254636927054 0.58040533266335 1.23390095829235 0.913693445543033 0.629687838226284 0.77321216726503 0.655785882706539 0.669821700439714 1.00659117058226 0.781790944137248 0.599232459049168 0.70100907110385 0.626169595944831 0.722648569138244 0.700379675972768 0.621538132398974 0 0.725178160962676 0.828431552999934 0.56789154243679 0.494771620966335 2.38304036212438 0.858281559185334 1.76289754739624 0.962384456323359 0.97751398193604 1.36866602008786 1.31772085833635 0.899889509806405 0.93212277576745 0.95504150703105 1.08710869643499 1.01506488873013 1.10953065491506 1.04968085617976 0.979496916638882 0.867329295085855 1.08632770057577 0.999498618950504 0.841173985807703 1.09072443698741 0.776943402202636 1.02075259194424 0.965508400545419 0.894334855205715 1.08926667110344 0.954234462741976 1.01348500451159 1.11081016845398 0.88443642273693 1.03752265625842 1.13434688607795 1.1617596426255 2.62353248917158
"hugo_-_Notre-Dame_de_Paris" 1.10800925723749 0.941633266469267 1.00802180799325 0.668386931544999 0.761431627305161 0.566923282135406 1.13164321953696 0.529851930012467 1.1521539577352 0.832003515146726 0.693236839735411 0.599529479471679 0.719448410538498 0.842256209879956 0.889384356657119 0.502060456329505 0.506452062734543 0.488497818338783 0.454111685542708 0.549771895809966 0.696382362712923 0.732956146356154 0.725178160962676 0 0.21891605776544 0.896557559444568 0.555732923757913 2.3755622118107 0.80845044224897 1.73594255366135 0.610091821043298 0.783643730097683 1.26343117604691 1.2421162366888 0.920738712538491 0.67744117881407 0.577128433802133 0.766983513808989 0.656909030930593 0.71449004860319 0.698297935381597 0.646440234218231 0.657498088912071 0.690387773452857 0.717315128992998 0.903881480219012 0.666199314602988 0.813101391077891 0.66386494704545 0.632372747675065 0.601083399596634 0.655994678628316 0.736416201247516 0.638146353388692 0.714285930490213 0.574208872372629 0.672688676195188 0.855554064604721 0.699350172541699 2.59080117304951
"hugo_-_Notre-Dame_de_Paris_-_Tome_2" 1.16454997228272 1.02658774711755 1.07676577260932 0.691935273848836 0.761971650342582 0.566131081123645 1.10159029283413 0.572104796385968 1.11855337866273 0.824064859976519 0.823519355753726 0.653033465552765 0.813453981231119 0.959580942553652 0.828329855045346 0.500253217289412 0.570276169216182 0.53904099799304 0.485089897944414 0.546363460806911 0.768205188591462 0.830270935645586 0.828431552999934 0.21891605776544 0 0.98063862614253 0.620874406982766 2.39664344423145 0.799792102974638 1.78246376942829 0.672572249450834 0.802258699470607 1.26919581356816 1.1998054886335 0.95500348551161 0.710010994782189 0.608883067183289 0.796392353601766 0.685053398500307 0.720122188981164 0.645451450746225 0.736178378566556 0.711623694306713 0.679940824151541 0.715641013597706 0.940811088476222 0.679738406851087 0.867145514045556 0.724955052379401 0.716021839192315 0.669263751228682 0.671564920329184 0.781642925562484 0.669684705713141 0.712536060209778 0.660036579852565 0.687070925965814 0.87916226844112 0.716143207602349 2.59302697681615
"hugo_-_Post-scriptum_de_ma_vie" 0.891563119095632 0.729388093926375 0.806908170108526 1.16643099204618 0.963260207602903 1.01814869464079 1.29623578775023 0.71645339546924 1.23627805801305 1.10442574979058 0.799718939089329 1.03065748401928 0.855067570899099 0.699503293385901 1.0690564792979 0.896223600792397 0.707452622802484 0.810698157512426 0.743377760438102 0.771670371168591 0.739818690791856 0.630754342132086 0.56789154243679 0.896557559444568 0.98063862614253 0 0.762538100021657 2.43561808444103 0.986706661764313 1.92233300895156 1.11694496457109 1.1143592225842 1.30718542174688 1.23027920820297 0.903433748491728 1.11031257639457 1.01026628233497 1.22933457769042 1.15227788572392 1.16527515902287 1.18350916004629 1.21172162022085 1.00666346085388 1.21631624241652 1.11774966763609 0.904215131029576 1.12042090213081 0.75937410651811 1.10397328731664 1.14679649502746 0.980003269551988 1.23501464053421 1.10477396377891 1.02670697999819 1.25883169714264 0.969377628933842 1.22373905172098 1.30860028553481 1.26287449648634 2.75311148933517
"hugo_-_Quatrevingt_Treize" 1.00776474217814 0.782021958705924 0.882891780104042 0.830562850765128 0.788970157839356 0.788570002833611 1.1867808927872 0.385053128779136 1.2446248311865 0.892101164287584 0.681968499778757 0.654590163745373 0.694872605856271 0.72318010088497 1.0289684150811 0.60405566812827 0.452863172525953 0.525559988041667 0.439112148256739 0.568285933182281 0.492726756754766 0.781721601703042 0.494771620966335 0.555732923757913 0.620874406982766 0.762538100021657 0 2.35473881726441 0.902847186583699 1.78198258998114 0.800137143520454 0.94009767455345 1.44115690804313 1.38428743514397 0.952240426276856 0.7666223966014 0.81546243152888 0.92466908638744 0.846280556321374 0.949480596166812 0.914636771494067 0.855859611538277 0.711335586981622 0.982018408906979 0.847552202820328 0.871300086403246 0.941528333041979 0.886673716780883 0.87364917589033 0.824422459240283 0.784261286501279 0.887646970055283 0.901940276007369 0.889650556864261 0.967457594950524 0.782785999336336 0.870822228371573 0.982245290726602 0.972504596442159 2.58430138965186
"hugo_-_runner.sh" 2.27335228995953 2.19952659169197 2.18549798004269 2.38211496671059 2.57359296555344 2.38334096152158 1.51442898468562 2.38858038366336 2.14105514202609 2.64506388086848 2.25344218128258 2.24878342039611 2.18462673659536 2.21474870358618 2.40725781058818 2.53987736685193 2.46015599282351 2.48699664848094 2.47482866514759 2.50504202910755 2.34941163340561 2.49383649685258 2.38304036212438 2.3755622118107 2.39664344423145 2.43561808444103 2.35473881726441 0 2.28040023782983 1.34159474874387 2.4256726727058 2.43247200130599 2.55032445812813 2.6474250218364 2.42687391112828 2.47357995285714 2.44515165983719 2.50252092876162 2.51409043582112 2.57592694855607 2.5209051866469 2.43166606036819 2.44571593777975 2.50573969752972 2.509209930253 2.45295199293768 2.54673745695541 2.46234041560686 2.4172327782318 2.39734814620543 2.44836338685981 2.47623656569184 2.37518240835896 2.55376328069255 2.54213248652606 2.43706360715875 2.43599944781299 2.41689377639386 2.51161065091725 1.53260128805471
"hugo_-_Ruy_Blas_Drame" 1.05962930347979 0.99261435254826 1.02826779424552 0.794674372314459 1.01190103032557 0.762748056732977 0.86001076356597 0.824432965707171 0.816882333498851 0.759007280722585 0.895821838659322 0.881670335772827 0.954803655943761 1.0242548192264 0.553448315546684 0.812722303714327 0.873133084327459 0.821715912603863 0.866918728707097 0.828076626503867 1.00232862675799 0.942373498307481 0.858281559185334 0.80845044224897 0.799792102974638 0.986706661764313 0.902847186583699 2.28040023782983 0 1.81013656430376 0.965310128043457 0.918608444088307 0.978689463727958 0.907267227083231 1.03883267963843 0.981126523560851 0.908131658646175 1.05615777152358 0.943993002591347 0.992758889793643 0.863424672935323 1.04744602965084 0.947074122820304 0.984499457234062 0.95334216339402 0.914540607627983 0.981664769497678 0.821831545824972 1.00022058307092 1.03433361168194 0.956183444260225 0.968779382676523 0.845778258660997 0.927818730888593 0.941196904453229 0.965664301805311 0.935129742833417 1.24603339411214 1.04329932397597 2.6645380768637
"hugo_-_Victor_Hugo_à_vingt_ans_Glanes_romantiques" 1.84244994893336 1.72263177836251 1.70483548417441 1.82270849969925 2.01989660173659 1.76842677716067 1.51044392915305 1.7908378068068 1.81936567902537 2.11290336538954 1.59588296675423 1.66059717716578 1.53199848786632 1.63870221106163 1.98670856853668 1.96860744401869 1.90871981148772 1.86665802423302 1.91564151895067 1.95576972774165 1.74798059578905 1.88959897192756 1.76289754739624 1.73594255366135 1.78246376942829 1.92233300895156 1.78198258998114 1.34159474874387 1.81013656430376 0 1.85406735718668 1.9274104010691 2.14708382235081 2.28511396048257 1.9347073984329 1.90173109951491 1.86586894184063 1.92489346633042 1.93237666994716 1.9780638212437 2.02515658754139 1.77085142171556 1.88874154997201 1.9846503755808 1.93245124339233 1.89656930781171 1.96961450201629 1.91624091243169 1.80566667774245 1.82461245129246 1.88019863815724 1.9186851171861 1.8283175473071 2.00413606998324 1.95653287547411 1.84994593306742 1.79507614781472 1.81744269002465 1.98163422317675 1.86623464029945
"zola_-_Au bonheur des dames" 1.36275400567009 1.20375310511277 1.20529972681205 0.773378391174243 0.953125340305828 0.736864193671977 1.28587595533042 0.731706145488289 1.27687621821593 1.09188023844733 0.911207703640906 0.814818368047435 0.948842884890852 0.999149653825585 1.10750057446688 0.727012075328093 0.730558723832552 0.65872611939221 0.692253379296928 0.775939494051973 0.85248015784419 0.847000900949709 0.962384456323359 0.610091821043298 0.672572249450834 1.11694496457109 0.800137143520454 2.4256726727058 0.965310128043457 1.85406735718668 0 0.725053405809486 1.37306842287941 1.35249333773409 0.940444291333374 0.360919880046108 0.426702149840495 0.438904325120351 0.343500815975872 0.549146487642495 0.660099610986364 0.428162762944968 0.449031754890979 0.563161254948092 0.539625656020657 0.985902282811434 0.516369485384818 0.875829452286626 0.424693656694111 0.444723917931561 0.365082945384873 0.389830842613607 0.768268293729906 0.509474818234031 0.418948226529584 0.443666977381953 0.447569775871621 0.687380347905929 0.498972220177168 2.60190322567017
"zola_-_Contes à Ninon" 1.24073772051002 1.13446203529555 1.11387165563271 0.748990889530086 1.12646941356438 0.740681723025136 1.19650549610058 0.901306829661462 1.21634776663939 0.95712754677834 0.988281462431068 0.815083160606906 0.99668459591427 1.03021895275219 1.02520684318352 0.884047592220803 0.919141577874103 0.839811938321191 0.870024278032301 0.857978733107731 0.974041677672713 0.800589109908092 0.97751398193604 0.783643730097683 0.802258699470607 1.1143592225842 0.94009767455345 2.43247200130599 0.918608444088307 1.9274104010691 0.725053405809486 0 1.15869232056553 1.04258851815729 0.922498431710237 0.710208084387348 0.7507604950126 0.801546421348361 0.758928868540045 0.864228125334979 0.71451994400419 0.755102341453737 0.767465730822153 0.74344569599165 0.828179149808292 0.910066013084298 0.778443966101828 0.791584888835513 0.799495376694263 0.756579763608167 0.705655598176141 0.805071973632993 0.694074805607608 0.781211619820858 0.798725827232938 0.769415878772031 0.738903400583465 0.864350721672442 0.817273281691406 2.61355500607138
"zola_-_Correspondance Les lettres et les arts" 1.17078920368659 1.31689468052276 1.22383511901568 1.13138069279481 1.32822748989768 1.20220018487793 1.25246561981858 1.31809567286308 1.25865879862648 1.01731117276172 1.31387056228314 1.43099723655554 1.35318627500738 1.36386138700424 1.05259017759903 1.23545960673148 1.3318693618589 1.21519584520012 1.32357426951894 1.15039204587159 1.46352163080366 1.13597849542444 1.36866602008786 1.26343117604691 1.26919581356816 1.30718542174688 1.44115690804313 2.55032445812813 0.978689463727958 2.14708382235081 1.37306842287941 1.15869232056553 0 0.752815089767025 1.24271475745258 1.4310774890868 1.14540057866652 1.40122451439378 1.33899638384347 1.29788137448903 1.14004835366051 1.51553752179059 1.34751111678876 1.38749083267313 1.32870220367548 0.918447942279526 1.25235138190953 0.914751719218557 1.3813213892116 1.48435304162113 1.22894288995692 1.39066755897337 1.23018122773478 1.16519274157578 1.26805399472237 1.23812492101364 1.3270684386147 1.64215626339115 1.37468960210086 3.00837656555263
"zola_-_Correspondance Lettres de jeunesse" 1.27420885343456 1.32550274379975 1.29952669086876 1.06694236408355 1.28630950234823 1.07114580447525 1.30797665784129 1.22877842014123 1.22337159143915 1.03328712077808 1.33373503949868 1.36414779832336 1.39801146622133 1.39455815553012 0.97043623550501 1.18203777943178 1.27874336471211 1.15986977841062 1.22253871245302 1.07196963409335 1.38579550982931 1.06443185697317 1.31772085833635 1.2421162366888 1.1998054886335 1.23027920820297 1.38428743514397 2.6474250218364 0.907267227083231 2.28511396048257 1.35249333773409 1.04258851815729 0.752815089767025 0 1.2360285594452 1.34931256009133 1.19033911104025 1.42391327740452 1.29198782942356 1.25794175195015 1.13101118354422 1.49108642907009 1.34256713846494 1.28934809131447 1.24745015258312 0.942147202264149 1.19842997453339 0.974707433926702 1.38333891214043 1.52605858217451 1.27202808002935 1.35085626628057 1.26457116192237 1.16688317259525 1.23658479548861 1.25855259671799 1.42390180087357 1.58551308902379 1.34312283382111 3.06387647635542
"zola_-_Ed. Manet" 1.1179610139639 1.04567367399288 1.01983839665035 0.991800350840597 1.08529418774483 0.944662633326469 1.2637044883643 0.911989217950364 1.23768961302074 1.07157190677422 0.815168250650589 1.0122795297778 0.88236373573055 1.03204799345222 1.13425919620363 0.91996451495767 0.91581065145961 0.910256553100073 0.902072798669529 0.938434486014216 0.99363812582808 0.762539501059647 0.899889509806405 0.920738712538491 0.95500348551161 0.903433748491728 0.952240426276856 2.42687391112828 1.03883267963843 1.9347073984329 0.940444291333374 0.922498431710237 1.24271475745258 1.2360285594452 0 1.001432907891 0.887006936192688 1.10519473223988 0.955691632193776 1.10308678943557 0.972810089888759 0.997186551916805 0.960514138944384 1.04728066701565 1.08208804057203 0.863548683561907 0.996807857356427 0.706651556310994 0.979886143385225 0.998095138946041 0.84690137219955 1.04833538355053 0.874087709632796 0.94310568562267 1.09624277606766 0.892106455512615 0.99352632768598 1.1276894295554 1.08671168453334 2.678735512713
